0.00 0.00
-1.02 -0.01
-0.02 -1.01
-1.03 -0.00
-0.02 -0.00
-0.02 -1.00
0.96 -2.00
1.97 -1.99
2.97 -1.00
3.95 -0.00
4.95 -1.00
4.96 0.00
3.94 -1.01
4.94 -0.00
5.92 -1.00
6.92 -0.98
5.92 -1.96
5.94 -0.96
5.95 -1.97
4.94 -1.98
5.93 -2.97
4.94 -1.98
4.94 -0.99
3.94 -1.98
3.98 -3.00
4.98 -2.01
4.00 -2.01
2.98 -3.00
1.97 -3.00
2.98 -2.99
2.97 -3.98
2.97 -2.97
3.97 -3.96
3.96 -2.96
3.96 -3.96
4.94 -3.97
5.93 -3.99
6.93 -5.00
7.93 -4.99
6.92 -4.99
5.93 -4.99
6.91 -5.00
6.91 -4.00
7.92 -3.01
7.90 -2.02
6.89 -1.02
7.89 -2.03
6.90 -3.03
7.91 -4.03
7.90 -3.05
